This folder: /media/daniella/B/git/Floflis/Floflis/Sites/Site/Experiment

  File: ./Flovicon.pptx
  Size: 158680    	Blocks: 312        IO Block: 4096   regular file
Device: 8,20	Inode: 4393295     Links: 1
Access: (0755/-rwxr-xr-x)  Uid: ( 1000/daniella)   Gid: ( 1000/daniella)
Access: 2023-12-20 02:19:32.200677200 -0300
Modify: 2023-12-20 00:18:39.972840900 -0300
Change: 2023-12-20 02:19:31.980673500 -0300
 Birth: 2023-12-20 02:19:31.976673400 -0300
IPFS hash: QmdhEnia8wBPaeDs3Gb91mtL9gJFkbPZMbt4upHi89CLDF
------------------------------
  File: ./index.html
  Size: 18638     	Blocks: 40         IO Block: 4096   regular file
Device: 8,20	Inode: 4393294     Links: 1
Access: (0755/-rwxr-xr-x)  Uid: ( 1000/daniella)   Gid: ( 1000/daniella)
Access: 2023-12-20 02:19:26.004570600 -0300
Modify: 2023-12-11 18:23:40.368224800 -0300
Change: 2023-12-20 02:19:26.004570600 -0300
 Birth: 2023-12-20 02:19:25.964569900 -0300
IPFS hash: QmUdtMz7CeAsCfsweRDEKsChZ5nu47iKx9HzrQTtrLKjn5
------------------------------
  File: ./test flovicon.png
  Size: 14513     	Blocks: 32         IO Block: 4096   regular file
Device: 8,20	Inode: 4393296     Links: 1
Access: (0755/-rwxr-xr-x)  Uid: ( 1000/daniella)   Gid: ( 1000/daniella)
Access: 2023-12-20 02:19:32.212677400 -0300
Modify: 2023-12-19 23:42:15.342625300 -0300
Change: 2023-12-20 02:19:32.004673900 -0300
 Birth: 2023-12-20 02:19:32.004673900 -0300
IPFS hash: Qmex8AeTQ6RGVvkqTv9o1bNrcmgfCyTRVD9ieD9fPmzhbs
------------------------------