This folder: /media/daniella/Windows 10 main/Users/Daniell/Desktop/Flovicon-VBall/Flovicon

  File: ./Flovicon.pptx
  Size: 158680    	Blocks: 312        IO Block: 4096   regular file
Device: 8,35	Inode: 789607      Links: 1
Access: (0755/-rwxr-xr-x)  Uid: ( 1000/daniella)   Gid: ( 1000/daniella)
Access: 2023-12-20 01:02:23.750583400 -0300
Modify: 2023-12-20 00:18:39.972840900 -0300
Change: 2023-12-20 01:02:21.216582900 -0300
 Birth: 2023-12-20 00:18:39.692700800 -0300
IPFS hash: QmdhEnia8wBPaeDs3Gb91mtL9gJFkbPZMbt4upHi89CLDF
------------------------------
  File: ./test flovicon.png
  Size: 14513     	Blocks: 32         IO Block: 4096   regular file
Device: 8,35	Inode: 114858      Links: 1
Access: (0755/-rwxr-xr-x)  Uid: ( 1000/daniella)   Gid: ( 1000/daniella)
Access: 2023-12-20 01:59:54.643970400 -0300
Modify: 2023-12-19 23:42:15.342625300 -0300
Change: 2023-12-20 01:02:21.225595400 -0300
 Birth: 2023-12-19 23:42:15.278235900 -0300
IPFS hash: Qmex8AeTQ6RGVvkqTv9o1bNrcmgfCyTRVD9ieD9fPmzhbs
------------------------------